  Run_nr	    Time	   Alpha	    Beta	Delta_Pb	   P_bar	       T	      B1	      B2	      B3	      B4	      B5	      B6	     rpm	     Rho	       Q	       V	      Re	 nrotor1	 nrotor2	      I1	      I2	    dptq	  Extra1	  Extra2	  Extra3	  Extra4	  Extra5	  Extra6	  Extra7	  Extra8	  Extra9	 Extra10
       /	   H:M:S	 degrees	 degrees	      Pa	     hPa	 degr._C	   steps	   steps	   steps	   steps	   steps	   steps	   1/min	  kg/m^3	      Pa	     m/s	       /	     1/s	     1/s	       A	       A	      Pa	       /	       /	       /	       /	       /	       /	       /	       /	       /	       /
       1	 09:00:34	  -2.000	   0.000	   58.81	  994.24	   11.72	    81.5	   -41.5	    -9.8	     0.2	    71.4	    15.5	 184.019	   1.216	   137.3	    15.0	  169987	   41.00	   41.00	    0.64	    0.64	    0.00	  13.614	  13.363	  28.323	  28.212	   0.000	   0.000	   0.000	   0.000	   0.000	   0.000
       2	 09:01:15	  -2.000	   0.000	   58.60	  994.18	   11.70	   145.0	   -27.8	   -16.0	   -12.7	   120.2	     8.4	 184.014	   1.216	   136.8	    15.0	  169707	   36.90	   36.90	    0.43	    0.43	    0.00	  13.522	  13.304	  25.897	  26.193	   0.000	   0.000	   0.000	   0.000	   0.000	   0.000
       3	 09:01:34	  -2.000	   0.000	   58.55	  994.23	   11.70	   194.0	   -19.4	   -21.7	   -21.8	   158.3	     5.2	 184.003	   1.216	   136.7	    15.0	  169635	   33.67	   33.69	    0.28	    0.27	    0.00	  13.482	  13.271	  23.659	  23.982	   0.000	   0.000	   0.000	   0.000	   0.000	   0.000
       4	 09:02:18	   1.996	   0.000	   58.33	  994.39	   11.69	   205.8	   -18.2	    87.7	    92.4	   130.0	     7.0	 183.967	   1.216	   136.2	    15.0	  169328	   33.60	   33.60	    0.26	    0.26	    0.00	  13.372	  13.188	  23.619	  23.885	   0.000	   0.000	   0.000	   0.000	   0.000	   0.000
       5	 09:02:52	   1.996	   0.000	   58.58	  994.37	   11.70	    92.6	   -32.7	   105.0	   117.0	    38.4	     9.8	 183.986	   1.216	   136.8	    15.0	  169690	   41.00	   40.99	    0.70	    0.69	    0.00	  13.297	  13.128	  25.627	  25.419	   0.000	   0.000	   0.000	   0.000	   0.000	   0.000
       6	 09:03:40	   1.996	   0.000	   58.44	  994.28	   11.70	   154.2	   -21.9	    96.8	   101.6	    89.6	     8.7	 183.949	   1.216	   136.4	    15.0	  169479	   36.91	   36.91	    0.47	    0.46	    0.00	  13.231	  13.090	  23.457	  23.642	   0.000	   0.000	   0.000	   0.000	   0.000	   0.000
       7	 09:04:45	   6.000	   0.000	   58.24	  994.32	   11.70	   268.3	   -33.8	   166.7	   185.0	   203.2	    19.2	 185.001	   1.216	   136.0	    15.0	  169191	   33.60	   33.60	    0.30	    0.29	    0.00	  13.138	  13.018	  21.377	  21.576	   0.000	   0.000	   0.000	   0.000	   0.000	   0.000
       8	 09:05:10	   6.000	   0.000	   58.35	  994.29	   11.72	   218.5	   -31.2	   177.3	   192.3	   162.4	    17.5	 184.968	   1.216	   136.2	    15.0	  169339	   36.89	   36.89	    0.48	    0.47	    0.00	  13.103	  12.992	  23.376	  23.556	   0.000	   0.000	   0.000	   0.000	   0.000	   0.000
       9	 09:05:33	   6.000	   0.000	   58.48	  994.32	   11.72	   154.9	   -25.1	   192.2	   202.1	   109.6	    13.6	 185.013	   1.216	   136.5	    15.0	  169521	   40.97	   40.97	    0.71	    0.72	    0.00	  13.077	  12.974	  25.471	  25.143	   0.000	   0.000	   0.000	   0.000	   0.000	   0.000
      10	 09:06:14	  10.000	   0.000	   58.31	  994.22	   11.73	   288.3	    -5.1	   233.2	   237.7	   260.4	     7.3	 186.000	   1.216	   136.1	    15.0	  169266	   41.00	   41.00	    0.78	    0.74	    0.00	  13.058	  12.972	  25.634	  25.312	   0.000	   0.000	   0.000	   0.000	   0.000	   0.000
      11	 09:06:33	  10.000	   0.000	   58.20	  994.26	   11.73	   352.5	   -14.7	   216.4	   226.6	   316.6	    14.6	 186.012	   1.216	   135.9	    15.0	  169108	   36.93	   36.93	    0.54	    0.50	    0.00	  13.051	  12.974	  23.541	  23.527	   0.000	   0.000	   0.000	   0.000	   0.000	   0.000
      12	 09:06:58	  10.000	   0.000	   58.09	  994.24	   11.74	   400.8	   -22.3	   203.0	   217.7	   357.9	    18.8	 186.012	   1.216	   135.6	    14.9	  168946	   33.59	   33.60	    0.36	    0.33	    0.00	  13.033	  12.955	  21.445	  21.485	   0.000	   0.000	   0.000	   0.000	   0.000	   0.000
      13	 09:08:44	  10.000	   0.000	  415.22	  994.24	   12.31	  2545.4	  -294.7	  1745.0	  1839.0	   949.8	   150.7	 476.004	   1.213	   973.1	    40.1	  451372	   89.50	   89.49	    2.83	    2.51	    0.00	  13.301	  13.384	  42.952	  42.090	   0.000	   0.000	   0.000	   0.000	   0.000	   0.000
      14	 09:09:15	  10.000	   0.000	  415.63	  994.17	   12.42	  2146.4	  -248.1	  1852.2	  1912.1	   607.3	   119.2	 475.955	   1.213	   974.1	    40.1	  451359	   98.40	   98.40	    4.73	    4.50	    0.00	  13.570	  13.753	  46.888	  46.088	   0.000	   0.000	   0.000	   0.000	   0.000	   0.000
      15	 09:09:45	  10.000	   0.000	  416.48	  994.25	   12.48	  1609.8	  -176.1	  1995.5	  2000.0	   135.4	    75.4	 476.021	   1.213	   976.1	    40.1	  451706	  109.29	  109.29	    7.77	    7.62	    0.00	  13.925	  14.236	  48.515	  47.374	   0.000	   0.000	   0.000	   0.000	   0.000	   0.000
      16	 09:10:40	   6.004	   0.000	  414.26	  994.23	   12.58	   555.0	  -169.7	  1591.2	  1570.2	  -161.6	    81.8	 471.990	   1.212	   970.8	    40.0	  450288	  109.40	  109.40	    7.43	    7.73	    0.00	  14.959	  15.608	  48.253	  47.432	   0.000	   0.000	   0.000	   0.000	   0.000	   0.000
      17	 09:10:59	   6.004	   0.000	  413.18	  994.22	   12.63	  1127.4	  -186.3	  1466.6	  1472.3	   315.7	    90.4	 471.981	   1.212	   968.3	    40.0	  449595	   98.72	   98.67	    4.57	    4.49	    0.00	  15.357	  16.086	  46.771	  46.138	   0.000	   0.000	   0.000	   0.000	   0.000	   0.000
      18	 09:11:19	   6.004	   0.000	  412.55	  994.24	   12.66	  1559.1	  -203.8	  1373.7	  1401.7	   673.2	   101.9	 472.021	   1.212	   966.8	    39.9	  449196	   89.64	   89.64	    2.14	    2.09	    0.00	  15.693	  16.419	  44.220	  43.606	   0.000	   0.000	   0.000	   0.000	   0.000	   0.000
      19	 09:12:10	   2.000	   0.000	  415.84	  994.26	   12.76	   135.1	  -218.6	   831.4	   854.3	  -136.8	    79.4	 471.020	   1.211	   974.6	    40.1	  450802	  109.23	  109.25	    7.64	    7.76	    0.00	  15.992	  16.592	  45.441	  44.670	   0.000	   0.000	   0.000	   0.000	   0.000	   0.000
      20	 09:12:32	   2.000	   0.000	  414.27	  994.23	   12.82	   723.8	  -214.3	   719.9	   761.9	   335.6	    68.9	 471.067	   1.211	   970.9	    40.0	  449816	   98.44	   98.45	    4.38	    4.37	    0.00	  16.136	  16.786	  43.734	  43.409	   0.000	   0.000	   0.000	   0.000	   0.000	   0.000
      21	 09:12:56	   2.000	   0.000	  413.10	  994.26	   12.86	  1146.3	  -213.0	   635.5	   695.4	   675.8	    59.5	 471.025	   1.211	   968.1	    40.0	  449103	   89.58	   89.60	    2.19	    2.12	    0.00	  16.293	  16.940	  41.322	  41.371	   0.000	   0.000	   0.000	   0.000	   0.000	   0.000
      22	 09:13:33	  -2.000	   0.000	  414.38	  994.23	   12.92	  1058.9	  -181.8	  -196.4	  -152.7	   958.0	    36.0	 470.980	   1.211	   971.1	    40.1	  449667	   89.50	   89.50	    2.18	    2.11	    0.00	  16.347	  16.919	  41.232	  41.297	   0.000	   0.000	   0.000	   0.000	   0.000	   0.000
      23	 09:13:57	  -2.000	   0.000	  415.38	  994.25	   12.98	   642.0	  -236.9	  -140.1	   -77.7	   632.1	    69.5	 470.994	   1.211	   973.5	    40.1	  450104	   98.35	   98.33	    4.43	    4.34	    0.00	  16.318	  16.852	  42.824	  42.918	   0.000	   0.000	   0.000	   0.000	   0.000	   0.000
      24	 09:14:21	  -2.000	   0.000	  416.78	  994.30	   13.03	    44.5	  -300.4	   -57.5	    22.8	   168.3	   109.1	 470.954	   1.210	   976.8	    40.2	  450779	  109.39	  109.40	    7.98	    7.86	    0.00	  16.344	  16.887	  44.523	  44.532	   0.000	   0.000	   0.000	   0.000	   0.000	   0.000
