302.000,405.317,980.354,14.980,1.185,949.718,40.031,437550.443,0.000,0.000,0.000,0.000,-5.000,0.000,93.789,0.000,0.026,6.397,17.016,0.000,31.378,93.716,87.392,0.018,2.498,17.306,0.830,31.493,0.000,0.000,0.000,0.000,0.000,0.000,0.000,22.000,2.000,2024.000,13.000,55.000,21.000
302.000,405.317,980.354,14.980,1.185,949.718,40.031,437550.443,0.000,0.000,0.000,0.000,-5.000,0.000,93.724,0.000,0.014,1.658,17.023,0.000,31.297,93.750,86.322,0.039,2.067,17.308,0.300,31.486,0.000,0.000,0.000,0.000,0.000,0.000,0.000,22.000,2.000,2024.000,13.000,55.000,22.000
302.000,405.312,980.357,14.980,1.185,949.706,40.031,437548.394,0.000,0.000,0.000,0.000,-5.000,0.000,93.721,0.000,0.020,1.298,17.022,0.000,31.360,93.793,88.590,0.021,3.163,17.308,0.712,31.420,0.000,0.000,0.000,0.000,0.000,0.000,0.000,22.000,2.000,2024.000,13.000,55.000,22.000
302.000,405.312,980.357,14.980,1.185,949.706,40.031,437548.394,0.000,0.000,0.000,0.000,-5.000,0.000,93.736,0.000,0.033,2.705,17.014,0.000,31.336,93.734,89.719,0.026,7.853,17.301,0.093,31.500,0.000,0.000,0.000,0.000,0.000,0.000,0.000,22.000,2.000,2024.000,13.000,55.000,22.000
302.000,405.312,980.357,14.980,1.185,949.706,40.031,437548.394,0.000,0.000,0.000,0.000,-5.000,0.000,93.769,0.000,0.042,2.034,17.014,0.000,31.315,93.742,89.536,0.024,3.768,17.301,0.342,31.479,0.000,0.000,0.000,0.000,0.000,0.000,0.000,22.000,2.000,2024.000,13.000,55.000,22.000
302.000,405.327,980.359,14.980,1.185,949.741,40.031,437556.997,0.000,0.000,0.000,0.000,-5.000,0.000,93.723,0.000,0.043,2.841,17.012,0.000,31.343,93.728,89.294,0.021,1.494,17.307,0.200,31.483,0.000,0.000,0.000,0.000,0.000,0.000,0.000,22.000,2.000,2024.000,13.000,55.000,22.000
302.000,405.327,980.359,14.980,1.185,949.741,40.031,437556.997,0.000,0.000,0.000,0.000,-5.000,0.000,93.727,0.000,0.039,7.406,17.012,0.000,31.332,93.764,90.039,0.034,3.354,17.307,0.605,31.458,0.000,0.000,0.000,0.000,0.000,0.000,0.000,22.000,2.000,2024.000,13.000,55.000,22.000
302.000,405.340,980.359,14.980,1.185,949.772,40.032,437564.066,0.000,0.000,0.000,0.000,-5.000,0.000,93.774,0.000,0.038,6.550,17.019,0.000,31.297,93.716,89.241,0.007,2.563,17.303,0.467,31.469,0.000,0.000,0.000,0.000,0.000,0.000,0.000,22.000,2.000,2024.000,13.000,55.000,22.000
302.000,405.340,980.359,14.980,1.185,949.772,40.032,437564.066,0.000,0.000,0.000,0.000,-5.000,0.000,93.709,0.000,0.020,1.516,17.020,0.000,31.395,93.775,89.162,0.040,1.980,17.303,0.445,31.493,0.000,0.000,0.000,0.000,0.000,0.000,0.000,22.000,2.000,2024.000,13.000,55.000,22.000
302.000,405.347,980.359,14.980,1.185,949.788,40.032,437567.873,0.000,0.000,0.000,0.000,-5.000,0.000,93.727,0.000,0.015,2.220,17.024,0.000,31.360,93.745,91.113,0.042,3.687,17.324,0.242,31.465,0.000,0.000,0.000,0.000,0.000,0.000,0.000,22.000,2.000,2024.000,13.000,55.000,22.000
302.000,405.347,980.359,14.980,1.185,949.788,40.032,437567.873,0.000,0.000,0.000,0.000,-5.000,0.000,93.756,0.000,0.048,3.125,17.024,0.000,31.378,93.693,90.336,0.020,6.763,17.329,0.743,31.469,0.000,0.000,0.000,0.000,0.000,0.000,0.000,22.000,2.000,2024.000,13.000,55.000,22.000
302.000,405.352,980.361,14.980,1.185,949.800,40.033,437571.038,0.000,0.000,0.000,0.000,-5.000,0.000,93.714,0.000,0.026,2.705,17.025,0.000,31.332,93.711,89.326,0.013,6.212,17.320,0.059,31.472,0.000,0.000,0.000,0.000,0.000,0.000,0.000,22.000,2.000,2024.000,13.000,55.000,23.000
302.000,405.352,980.361,14.980,1.185,949.800,40.033,437571.038,0.000,0.000,0.000,0.000,-5.000,0.000,93.758,0.000,0.039,2.743,17.026,0.000,31.364,93.717,88.359,0.024,1.805,17.316,0.341,31.462,0.000,0.000,0.000,0.000,0.000,0.000,0.000,22.000,2.000,2024.000,13.000,55.000,23.000
302.000,405.352,980.361,14.980,1.185,949.800,40.033,437571.038,0.000,0.000,0.000,0.000,-5.000,0.000,93.750,0.000,0.016,4.963,17.007,0.000,31.325,93.714,87.070,0.009,2.318,17.306,0.403,31.490,0.000,0.000,0.000,0.000,0.000,0.000,0.000,22.000,2.000,2024.000,13.000,55.000,23.000
302.000,405.345,980.358,14.980,1.185,949.784,40.032,437566.562,0.000,0.000,0.000,0.000,-5.000,0.000,93.783,0.000,0.011,5.879,16.995,0.000,31.336,93.722,85.521,0.013,1.974,17.299,0.634,31.490,0.000,0.000,0.000,0.000,0.000,0.000,0.000,22.000,2.000,2024.000,13.000,55.000,23.000
302.000,405.345,980.358,14.980,1.185,949.784,40.032,437566.562,0.000,0.000,0.000,0.000,-5.000,0.000,93.745,0.000,0.036,1.353,16.995,0.000,31.357,93.725,83.996,0.016,3.010,17.308,0.151,31.476,0.000,0.000,0.000,0.000,0.000,0.000,0.000,22.000,2.000,2024.000,13.000,55.000,23.000
302.000,405.341,980.359,14.980,1.185,949.774,40.032,437564.610,0.000,0.000,0.000,0.000,-5.000,0.000,93.738,0.000,0.031,1.920,16.995,0.000,31.378,93.763,84.248,0.032,4.178,17.317,0.330,31.490,0.000,0.000,0.000,0.000,0.000,0.000,0.000,22.000,2.000,2024.000,13.000,55.000,23.000
302.000,405.341,980.359,14.980,1.185,949.774,40.032,437564.610,0.000,0.000,0.000,0.000,-5.000,0.000,93.731,0.000,0.024,3.518,17.004,0.000,31.353,93.722,84.465,0.021,7.324,17.307,0.267,31.493,0.000,0.000,0.000,0.000,0.000,0.000,0.000,22.000,2.000,2024.000,13.000,55.000,23.000
302.000,405.329,980.361,14.980,1.185,949.746,40.031,437558.531,0.000,0.000,0.000,0.000,-5.000,0.000,93.746,0.000,0.021,2.634,17.017,0.000,31.332,93.711,84.134,0.038,4.554,17.291,0.374,31.511,0.000,0.000,0.000,0.000,0.000,0.000,0.000,22.000,2.000,2024.000,13.000,55.000,23.000
302.000,405.329,980.361,14.980,1.185,949.746,40.031,437558.531,0.000,0.000,0.000,0.000,-5.000,0.000,93.708,0.000,0.020,2.503,17.012,0.000,31.353,93.786,84.561,0.059,1.576,17.295,1.089,31.395,0.000,0.000,0.000,0.000,0.000,0.000,0.000,22.000,2.000,2024.000,13.000,55.000,23.000
302.000,405.320,980.361,14.980,1.185,949.725,40.031,437553.637,0.000,0.000,0.000,0.000,-5.000,0.000,93.779,0.000,0.050,5.694,17.000,0.000,31.364,93.728,85.811,0.026,2.880,17.306,0.600,31.490,0.000,0.000,0.000,0.000,0.000,0.000,0.000,22.000,2.000,2024.000,13.000,55.000,23.000
302.000,405.320,980.361,14.980,1.185,949.725,40.031,437553.637,0.000,0.000,0.000,0.000,-5.000,0.000,93.727,0.000,0.030,9.217,17.006,0.000,31.287,93.714,83.851,0.027,3.370,17.310,0.136,31.448,0.000,0.000,0.000,0.000,0.000,0.000,0.000,22.000,2.000,2024.000,13.000,55.000,24.000
302.000,405.309,980.360,14.980,1.185,949.699,40.030,437547.432,0.000,0.000,0.000,0.000,-5.000,0.000,93.794,0.000,0.040,3.196,17.029,0.000,31.357,93.805,83.746,0.046,1.947,17.326,0.466,31.434,0.000,0.000,0.000,0.000,0.000,0.000,0.000,22.000,2.000,2024.000,13.000,55.000,24.000
302.000,405.309,980.360,14.980,1.185,949.699,40.030,437547.432,0.000,0.000,0.000,0.000,-5.000,0.000,93.754,0.000,0.069,1.265,17.027,0.000,31.325,93.741,84.547,0.033,2.738,17.323,0.329,31.441,0.000,0.000,0.000,0.000,0.000,0.000,0.000,22.000,2.000,2024.000,13.000,55.000,24.000
302.000,405.309,980.360,14.980,1.185,949.699,40.030,437547.432,0.000,0.000,0.000,0.000,-5.000,0.000,93.700,0.000,0.036,2.334,17.003,0.000,31.304,93.736,84.644,0.018,4.418,17.302,0.539,31.486,0.000,0.000,0.000,0.000,0.000,0.000,0.000,22.000,2.000,2024.000,13.000,55.000,24.000
302.000,405.293,980.357,14.980,1.185,949.661,40.030,437538.062,0.000,0.000,0.000,0.000,-5.000,0.000,93.758,0.000,0.030,3.392,17.003,0.000,31.381,93.775,86.203,0.052,4.668,17.302,0.277,31.409,0.000,0.000,0.000,0.000,0.000,0.000,0.000,22.000,2.000,2024.000,13.000,55.000,24.000
302.000,405.293,980.357,14.980,1.185,949.661,40.030,437538.062,0.000,0.000,0.000,0.000,-5.000,0.000,93.716,0.000,0.034,1.881,16.995,0.000,31.385,93.742,86.652,0.024,1.963,17.301,0.556,31.462,0.000,0.000,0.000,0.000,0.000,0.000,0.000,22.000,2.000,2024.000,13.000,55.000,24.000
302.000,405.262,980.358,14.980,1.185,949.588,40.028,437521.427,0.000,0.000,0.000,0.000,-5.000,0.000,93.728,0.000,0.053,6.654,16.995,0.000,31.409,93.719,87.601,0.014,2.307,17.301,0.366,31.479,0.000,0.000,0.000,0.000,0.000,0.000,0.000,22.000,2.000,2024.000,13.000,55.000,24.000
302.000,405.262,980.358,14.980,1.185,949.588,40.028,437521.427,0.000,0.000,0.000,0.000,-5.000,0.000,93.728,0.000,0.028,7.641,17.015,0.000,31.367,93.718,86.587,0.009,2.918,17.320,0.065,31.465,0.000,0.000,0.000,0.000,0.000,0.000,0.000,22.000,2.000,2024.000,13.000,55.000,24.000
302.000,405.240,980.358,14.980,1.185,949.536,40.027,437509.462,0.000,0.000,0.000,0.000,-5.000,0.000,93.726,0.000,0.040,2.689,17.017,0.000,31.332,93.718,85.985,0.018,2.111,17.322,0.333,31.490,0.000,0.000,0.000,0.000,0.000,0.000,0.000,22.000,2.000,2024.000,13.000,55.000,24.000
302.000,405.240,980.358,14.980,1.185,949.536,40.027,437509.462,0.000,0.000,0.000,0.000,-5.000,0.000,93.766,0.000,0.041,1.587,17.017,0.000,31.280,93.785,86.102,0.039,4.357,17.309,0.329,31.444,0.000,0.000,0.000,0.000,0.000,0.000,0.000,22.000,2.000,2024.000,13.000,55.000,24.000
302.000,405.241,980.361,14.980,1.185,949.538,40.027,437510.675,0.000,0.000,0.000,0.000,-5.000,0.000,93.714,0.000,0.028,3.152,17.017,0.000,31.325,93.790,88.366,0.033,5.214,17.305,0.831,31.462,0.000,0.000,0.000,0.000,0.000,0.000,0.000,22.000,2.000,2024.000,13.000,55.000,25.000
302.000,405.241,980.361,14.980,1.185,949.538,40.027,437510.675,0.000,0.000,0.000,0.000,-5.000,0.000,93.711,0.000,0.019,2.803,17.007,0.000,31.336,93.810,91.661,0.030,7.041,17.307,1.042,31.406,0.000,0.000,0.000,0.000,0.000,0.000,0.000,22.000,2.000,2024.000,13.000,55.000,25.000
302.000,405.243,980.362,14.980,1.185,949.543,40.027,437511.986,0.000,0.000,0.000,0.000,-5.000,0.000,93.701,0.000,0.024,1.903,17.003,0.000,31.367,93.784,95.216,0.047,6.588,17.308,0.862,31.388,0.000,0.000,0.000,0.000,0.000,0.000,0.000,22.000,2.000,2024.000,13.000,55.000,25.000
302.000,405.243,980.362,14.980,1.185,949.543,40.027,437511.986,0.000,0.000,0.000,0.000,-5.000,0.000,93.731,0.000,0.055,3.539,17.017,0.000,31.367,93.700,95.209,0.022,2.274,17.312,0.356,31.451,0.000,0.000,0.000,0.000,0.000,0.000,0.000,22.000,2.000,2024.000,13.000,55.000,25.000
302.000,405.235,980.363,14.980,1.185,949.524,40.027,437507.859,0.000,0.000,0.000,0.000,-5.000,0.000,93.737,0.000,0.030,7.919,17.026,0.000,31.402,93.785,96.168,0.059,2.591,17.314,0.549,31.381,0.000,0.000,0.000,0.000,0.000,0.000,0.000,22.000,2.000,2024.000,13.000,55.000,25.000
302.000,405.235,980.363,14.980,1.185,949.524,40.027,437507.859,0.000,0.000,0.000,0.000,-5.000,0.000,93.731,0.000,0.008,6.223,17.033,0.000,31.374,93.736,96.596,0.039,3.196,17.316,0.189,31.462,0.000,0.000,0.000,0.000,0.000,0.000,0.000,22.000,2.000,2024.000,13.000,55.000,25.000
302.000,405.235,980.363,14.980,1.185,949.524,40.027,437507.859,0.000,0.000,0.000,0.000,-5.000,0.000,93.750,0.000,0.036,2.012,17.041,0.000,31.343,93.724,96.895,0.016,2.089,17.318,0.357,31.483,0.000,0.000,0.000,0.000,0.000,0.000,0.000,22.000,2.000,2024.000,13.000,55.000,25.000
302.000,405.224,980.361,14.980,1.185,949.498,40.026,437501.430,0.000,0.000,0.000,0.000,-5.000,0.000,93.795,0.000,0.028,3.300,17.035,0.000,31.339,93.723,94.750,0.012,5.203,17.305,0.716,31.462,0.000,0.000,0.000,0.000,0.000,0.000,0.000,22.000,2.000,2024.000,13.000,55.000,25.000
302.000,405.224,980.361,14.980,1.185,949.498,40.026,437501.430,0.000,0.000,0.000,0.000,-5.000,0.000,93.699,0.000,0.035,2.176,17.025,0.000,31.357,93.794,94.967,0.015,7.079,17.286,1.188,31.409,0.000,0.000,0.000,0.000,0.000,0.000,0.000,22.000,2.000,2024.000,13.000,55.000,25.000
302.000,405.233,980.360,14.980,1.185,949.519,40.027,437506.102,0.000,0.000,0.000,0.000,-5.000,0.000,93.715,0.000,0.030,2.165,17.023,0.000,31.357,93.720,96.943,0.031,4.139,17.291,0.307,31.493,0.000,0.000,0.000,0.000,0.000,0.000,0.000,22.000,2.000,2024.000,13.000,55.000,25.000
302.000,405.233,980.360,14.980,1.185,949.519,40.027,437506.102,0.000,0.000,0.000,0.000,-5.000,0.000,93.764,0.000,0.029,4.237,17.020,0.000,31.346,93.742,96.845,0.027,1.980,17.303,0.229,31.437,0.000,0.000,0.000,0.000,0.000,0.000,0.000,22.000,2.000,2024.000,13.000,55.000,26.000
302.000,405.247,980.361,14.980,1.185,949.552,40.027,437513.938,0.000,0.000,0.000,0.000,-5.000,0.000,93.747,0.000,0.028,7.832,17.018,0.000,31.304,93.717,95.318,0.022,2.503,17.303,0.199,31.448,0.000,0.000,0.000,0.000,0.000,0.000,0.000,22.000,2.000,2024.000,13.000,55.000,26.000
302.000,405.247,980.361,14.980,1.185,949.552,40.027,437513.938,0.000,0.000,0.000,0.000,-5.000,0.000,93.725,0.000,0.015,7.684,17.007,0.000,31.360,93.748,95.224,0.031,2.934,17.307,0.095,31.462,0.000,0.000,0.000,0.000,0.000,0.000,0.000,22.000,2.000,2024.000,13.000,55.000,26.000
302.000,405.258,980.361,14.980,1.185,949.578,40.028,437519.921,0.000,0.000,0.000,0.000,-5.000,0.000,93.761,0.000,0.035,1.445,17.010,0.000,31.367,93.716,95.081,0.027,2.340,17.306,0.589,31.493,0.000,0.000,0.000,0.000,0.000,0.000,0.000,22.000,2.000,2024.000,13.000,55.000,26.000
302.000,405.258,980.361,14.980,1.185,949.578,40.028,437519.921,0.000,0.000,0.000,0.000,-5.000,0.000,93.741,0.000,0.036,2.678,17.036,0.000,31.350,93.774,94.935,0.033,3.861,17.302,0.542,31.399,0.000,0.000,0.000,0.000,0.000,0.000,0.000,22.000,2.000,2024.000,13.000,55.000,26.000
302.000,405.296,980.363,14.980,1.185,949.668,40.030,437541.032,0.000,0.000,0.000,0.000,-5.000,0.000,93.768,0.000,0.054,3.300,17.036,0.000,31.332,93.783,96.109,0.039,4.947,17.302,0.493,31.423,0.000,0.000,0.000,0.000,0.000,0.000,0.000,22.000,2.000,2024.000,13.000,55.000,26.000
302.000,405.296,980.363,14.980,1.185,949.668,40.030,437541.032,0.000,0.000,0.000,0.000,-5.000,0.000,93.749,0.000,0.035,2.918,17.024,0.000,31.388,93.728,95.351,0.057,6.534,17.298,0.270,31.497,0.000,0.000,0.000,0.000,0.000,0.000,0.000,22.000,2.000,2024.000,13.000,55.000,26.000
302.000,405.296,980.363,14.980,1.185,949.668,40.030,437541.032,0.000,0.000,0.000,0.000,-5.000,0.000,93.759,0.000,0.010,2.798,17.024,0.000,31.350,93.722,94.797,0.037,5.034,17.298,0.675,31.444,0.000,0.000,0.000,0.000,0.000,0.000,0.000,22.000,2.000,2024.000,13.000,55.000,26.000
302.000,405.332,980.362,15.000,1.185,949.753,40.033,437521.603,0.000,0.000,0.000,0.000,-5.000,0.000,93.750,0.000,0.017,7.335,17.027,0.000,31.332,93.761,93.711,0.040,2.536,17.325,0.170,31.392,0.000,0.000,0.000,0.000,0.000,0.000,0.000,22.000,2.000,2024.000,13.000,55.000,26.000
302.000,405.332,980.362,15.000,1.185,949.753,40.033,437521.603,0.000,0.000,0.000,0.000,-5.000,0.000,93.737,0.000,0.038,7.591,17.027,0.000,31.378,93.737,93.707,0.072,2.645,17.328,0.226,31.399,0.000,0.000,0.000,0.000,0.000,0.000,0.000,22.000,2.000,2024.000,13.000,55.000,26.000
302.000,405.355,980.363,15.000,1.185,949.807,40.034,437534.332,0.000,0.000,0.000,0.000,-5.000,0.000,93.712,0.000,0.037,1.593,17.038,0.000,31.346,93.712,93.847,0.033,1.881,17.313,0.516,31.479,0.000,0.000,0.000,0.000,0.000,0.000,0.000,22.000,2.000,2024.000,13.000,55.000,27.000
302.000,405.355,980.363,15.000,1.185,949.807,40.034,437534.332,0.000,0.000,0.000,0.000,-5.000,0.000,93.745,0.000,0.023,2.885,17.041,0.000,31.360,93.715,93.634,0.017,2.558,17.309,0.283,31.444,0.000,0.000,0.000,0.000,0.000,0.000,0.000,22.000,2.000,2024.000,13.000,55.000,27.000
302.000,405.387,980.363,15.000,1.185,949.883,40.036,437551.730,0.000,0.000,0.000,0.000,-5.000,0.000,93.746,0.000,0.032,3.169,17.033,0.000,31.350,93.757,93.008,0.033,7.624,17.315,0.268,31.420,0.000,0.000,0.000,0.000,0.000,0.000,0.000,22.000,2.000,2024.000,13.000,55.000,27.000
302.000,405.387,980.363,15.000,1.185,949.883,40.036,437551.730,0.000,0.000,0.000,0.000,-5.000,0.000,93.739,0.000,0.066,1.936,17.030,0.000,31.290,93.757,93.628,0.051,6.392,17.318,0.264,31.462,0.000,0.000,0.000,0.000,0.000,0.000,0.000,22.000,2.000,2024.000,13.000,55.000,27.000
302.000,405.400,980.363,15.000,1.185,949.913,40.036,437558.798,0.000,0.000,0.000,0.000,-5.000,0.000,93.772,0.000,0.022,2.776,17.031,0.000,31.360,93.722,92.868,0.023,3.529,17.314,0.482,31.465,0.000,0.000,0.000,0.000,0.000,0.000,0.000,22.000,2.000,2024.000,13.000,55.000,27.000
302.000,405.400,980.363,15.000,1.185,949.913,40.036,437558.798,0.000,0.000,0.000,0.000,-5.000,0.000,93.766,0.000,0.031,3.916,17.032,0.000,31.353,93.810,93.347,0.034,1.674,17.312,0.539,31.406,0.000,0.000,0.000,0.000,0.000,0.000,0.000,22.000,2.000,2024.000,13.000,55.000,27.000
302.000,405.404,980.364,15.000,1.185,949.923,40.036,437561.196,0.000,0.000,0.000,0.000,-5.000,0.000,93.731,0.000,0.028,6.583,17.025,0.000,31.339,93.775,94.820,0.034,2.492,17.311,0.372,31.402,0.000,0.000,0.000,0.000,0.000,0.000,0.000,22.000,2.000,2024.000,13.000,55.000,27.000
302.000,405.404,980.364,15.000,1.185,949.923,40.036,437561.196,0.000,0.000,0.000,0.000,-5.000,0.000,93.753,0.000,0.045,5.650,17.017,0.000,31.364,93.689,94.380,0.011,2.460,17.311,0.772,31.465,0.000,0.000,0.000,0.000,0.000,0.000,0.000,22.000,2.000,2024.000,13.000,55.000,27.000
302.000,405.409,980.363,15.000,1.185,949.935,40.037,437563.692,0.000,0.000,0.000,0.000,-5.000,0.000,93.709,0.000,0.030,1.385,17.018,0.000,31.332,93.721,93.449,0.037,1.838,17.312,0.273,31.448,0.000,0.000,0.000,0.000,0.000,0.000,0.000,22.000,2.000,2024.000,13.000,55.000,27.000
302.000,405.409,980.363,15.000,1.185,949.935,40.037,437563.692,0.000,0.000,0.000,0.000,-5.000,0.000,93.733,0.000,0.049,2.885,17.021,0.000,31.318,93.760,95.462,0.068,5.792,17.313,0.691,31.479,0.000,0.000,0.000,0.000,0.000,0.000,0.000,22.000,2.000,2024.000,13.000,55.000,27.000
302.000,405.409,980.363,15.000,1.185,949.935,40.037,437563.692,0.000,0.000,0.000,0.000,-5.000,0.000,93.766,0.000,0.033,1.838,17.022,0.000,31.343,93.732,94.496,0.015,6.119,17.311,0.243,31.462,0.000,0.000,0.000,0.000,0.000,0.000,0.000,22.000,2.000,2024.000,13.000,55.000,28.000
302.000,405.407,980.362,15.000,1.185,949.930,40.037,437562.381,0.000,0.000,0.000,0.000,-5.000,0.000,93.796,0.000,0.050,1.762,17.023,0.000,31.283,93.777,92.764,0.011,2.803,17.307,0.324,31.423,0.000,0.000,0.000,0.000,0.000,0.000,0.000,22.000,2.000,2024.000,13.000,55.000,28.000
302.000,405.407,980.362,15.000,1.185,949.930,40.037,437562.381,0.000,0.000,0.000,0.000,-5.000,0.000,93.752,0.000,0.034,4.456,17.022,0.000,31.315,93.705,91.241,0.034,1.609,17.307,0.449,31.434,0.000,0.000,0.000,0.000,0.000,0.000,0.000,22.000,2.000,2024.000,13.000,55.000,28.000
302.000,405.405,980.363,15.000,1.185,949.925,40.037,437561.517,0.000,0.000,0.000,0.000,-5.000,0.000,93.751,0.000,0.031,7.346,17.019,0.000,31.290,93.705,89.859,0.020,2.999,17.308,0.501,31.451,0.000,0.000,0.000,0.000,0.000,0.000,0.000,22.000,2.000,2024.000,13.000,55.000,28.000
302.000,405.405,980.363,15.000,1.185,949.925,40.037,437561.517,0.000,0.000,0.000,0.000,-5.000,0.000,93.731,0.000,0.051,4.957,17.019,0.000,31.360,93.726,89.885,0.022,2.291,17.308,0.378,31.465,0.000,0.000,0.000,0.000,0.000,0.000,0.000,22.000,2.000,2024.000,13.000,55.000,28.000
302.000,405.415,980.362,15.000,1.185,949.949,40.037,437566.730,0.000,0.000,0.000,0.000,-5.000,0.000,93.724,0.000,0.043,1.271,17.020,0.000,31.297,93.728,89.480,0.036,1.794,17.308,0.305,31.469,0.000,0.000,0.000,0.000,0.000,0.000,0.000,22.000,2.000,2024.000,13.000,55.000,28.000
302.000,405.415,980.362,15.000,1.185,949.949,40.037,437566.730,0.000,0.000,0.000,0.000,-5.000,0.000,93.699,0.000,0.015,2.716,17.020,0.000,31.343,93.790,91.436,0.065,3.343,17.308,1.082,31.395,0.000,0.000,0.000,0.000,0.000,0.000,0.000,22.000,2.000,2024.000,13.000,55.000,28.000
302.000,405.385,980.362,15.000,1.185,949.878,40.036,437550.420,0.000,0.000,0.000,0.000,-5.000,0.000,93.753,0.000,0.035,3.272,17.030,0.000,31.360,93.717,91.942,0.045,7.548,17.322,0.306,31.486,0.000,0.000,0.000,0.000,0.000,0.000,0.000,22.000,2.000,2024.000,13.000,55.000,28.000
302.000,405.385,980.362,15.000,1.185,949.878,40.036,437550.420,0.000,0.000,0.000,0.000,-5.000,0.000,93.748,0.000,0.033,1.734,17.030,0.000,31.318,93.721,90.446,0.027,6.277,17.322,0.481,31.476,0.000,0.000,0.000,0.000,0.000,0.000,0.000,22.000,2.000,2024.000,13.000,55.000,28.000
